80.9389
80.9389
69.9141
69.9141
69.9141
69.9141
69.9141
69.9141
69.9141
69.9141
69.9141
69.9141
63.1747
57.8972
57.8972
57.8972
57.8972
57.8972
57.8972
57.8972
57.8972
57.8972
57.8972
57.8972
57.8972
57.8972
45.7279
45.7279
45.7279
45.7279
45.7279
45.7279
45.7279
45.7279
45.7279
45.7279
45.7279
45.7279
45.7279
45.7279
45.7279
45.7279
45.7279
45.7279
45.7279
45.7279
45.7279
45.7279
45.7279
45.7279
45.7279
45.7279
45.7279
45.7279
45.7279
45.7279
45.7279
45.7279
45.7279
45.7279
45.7279
45.7279
45.7279
45.7279
45.7279
45.7279
45.7279
45.7279
45.7279
45.7279
24.0683
24.0683
24.0683
24.0683
24.0683
24.0683
24.0683
24.0683
24.0683
24.0683
24.0683
24.0683
24.0683
24.0683
24.0683
24.0683
24.0683
24.0683
24.0683
24.0683
24.0683
24.0683
24.0683
24.0683
24.0683
24.0683
24.0683
24.0683
24.0683
24.0683
