290.233
290.233
218.931
218.931
218.931
103.405
103.405
103.405
103.405
103.405
103.405
103.405
103.405
103.405
103.405
103.405
103.405
103.405
103.405
103.405
103.405
103.405
103.405
103.405
103.405
103.405
103.405
103.405
103.405
103.405
103.405
103.405
103.405
103.405
103.405
103.405
103.405
103.405
103.405
103.405
103.405
103.405
103.405
103.405
103.405
103.405
103.405
103.405
103.405
103.405
103.405
103.405
103.405
103.405
103.405
103.405
103.405
103.405
103.405
103.405
103.405
103.405
103.405
103.405
103.405
103.405
103.405
103.405
103.405
103.405
103.405
103.405
103.405
103.405
103.405
103.405
103.405
103.405
103.405
103.405
103.405
103.405
103.405
103.405
103.405
103.405
103.405
103.405
103.405
103.405
103.405
103.405
103.405
103.405
103.405
103.405
103.405
103.405
103.405
103.405
